0 186 5445.818
0 405 2904.519
0 427 4639.942
0 474 5246.1313
0 494 4398.7334
0 528 2636.3184
0 553 6901.986
1 123 4626.1123
1 125 7526.487
1 191 3923.0867
1 203 4380.0273
1 637 2828.8347
1 705 6087.4185
1 717 5491.9346
1 718 2051.0645
1 719 3104.0657
2 58 4498.719
2 125 7818.8984
2 154 3512.49
2 192 4914.783
2 329 3966.1272
2 345 3426.8435
2 374 2993.1277
3 15 3902.0232
3 95 3956.8872
3 125 6188.1616
3 202 3126.9963
3 203 4183.767
3 262 3419.2463
3 365 2362.672
3 761 2533.5344
4 87 3844.5088
4 88 2951.8801
4 89 3145.4568
4 95 2715.16
4 756 2679.128
4 757 3033.9734
5 237 3339.9736
5 291 2659.018
5 316 4945.645
5 317 4652.563
5 338 4280.66
6 59 4147.416
6 205 2967.0488
6 312 4051.2063
6 661 5417.5884
7 63 2971.7102
7 129 6437.1953
7 180 2898.4138
7 734 6714.05
8 9 6423.9517
8 173 10801.384
8 228 6296.3643
8 252 8527.089
8 503 3865.5881
8 585 12405.299
8 600 8010.833
9 8 6423.9517
9 585 9849.319
10 139 2643.3738
10 140 3597.3718
10 246 2373.7725
10 405 3052.384
10 474 3559.7556
10 495 2418.1023
10 496 3649.1604
11 91 3656.061
11 96 3352.7224
11 329 3543.7932
11 366 4531.951
11 367 3955.7349
11 373 6106.9395
12 13 1236.2305
12 143 1558.8923
12 212 871.9599
12 535 3453.9265
12 538 2785.1958
13 12 1236.2305
13 92 2093.9336
13 143 1548.9845
13 144 1833.8917
14 28 2535.3516
14 29 4295.4653
14 30 2643.0566
14 52 3529.0564
14 64 2521.7964
14 619 4186.1226
14 663 3607.1868
15 3 3902.0232
15 34 2695.7651
15 37 4462.721
15 95 5347.3193
15 131 2479.8684
15 713 3249.229
15 755 2964.2783
15 761 2232.8513
16 99 1326.3032
16 104 2476.4995
16 229 2117.0518
16 309 2064.9756
17 100 2624.6294
17 101 1459.6066
17 184 1378.8969
17 683 1930.0889
17 793 1241.02
18 19 1331.2751
18 240 2938.415
18 633 2382.435
18 634 2564.0134
19 18 1331.2751
19 240 2089.6243
19 576 2004.4274
19 635 3244.6865
20 277 3979.4497
20 278 2125.4314
20 283 1653.8566
20 407 3970.2363
20 409 2387.453
20 433 4193.2236
20 435 2387.624
20 511 4429.069
21 112 2572.7566
21 165 3222.4417
21 408 3210.8298
21 433 1934.4946
21 434 3320.1528
21 435 3022.3284
22 55 1321.6266
22 115 3392.3708
22 324 1958.6765
22 325 3275.2456
22 363 2726.7334
22 371 3559.0703
23 55 1589.419
23 117 1296.0754
23 118 2063.4277
23 257 2957.545
24 189 1633.2288
24 190 2707.613
24 221 3179.815
24 295 3404.1206
24 352 2887.3977
24 445 2770.4685
25 93 2831.994
25 94 3887.0613
25 130 2665.032
25 230 3797.759
25 259 2980.213
25 310 2670.391
25 442 3742.1887
26 120 3968.5505
26 133 5536.7456
26 346 1895.0643
26 425 2492.857
26 426 2379.0637
26 468 5671.0073
27 28 2651.048
27 53 2161.589
27 619 2658.5386
27 663 5099.649
27 664 3428.607
27 665 2104.535
28 14 2535.3516
28 27 2651.048
28 64 3657.7847
28 619 2414.1323
28 663 3526.043
29 14 4295.4653
29 30 2958.538
29 31 4218.891
29 39 2256.8389
29 64 3094.799
29 358 7603.802
29 746 4460.907
29 798 3854.2085
30 14 2643.0566
30 29 2958.538
30 39 3157.4006
30 40 2658.085
30 52 2323.961
30 64 3590.005
30 319 3876.7817
30 663 5204.799
31 29 4218.891
31 39 2368.8997
31 41 2844.8193
31 358 3565.8564
32 97 2073.8545
32 751 2741.0706
32 752 4253.6963
32 760 3343.4036
32 771 1991.659
32 799 2480.1638
33 34 2972.4429
33 97 4650.8823
33 131 1987.1913
33 156 3508.4106
33 201 2277.3916
33 771 1403.5217
33 799 2790.8147
34 15 2695.7651
34 33 2972.4429
34 35 1890.0284
34 97 5973.144
34 131 2577.754
35 34 1890.0284
35 50 3078.6638
35 97 4873.3677
35 684 2071.8447
35 713 1924.1775
35 736 2161.0132
35 764 2217.1233
35 782 2947.6335
36 37 4143.33
36 88 2853.2073
36 89 4050.4792
36 518 3813.3945
36 545 2713.521
36 546 3029.575
36 578 3365.3206
36 765 2246.4895
36 784 2591.8904
37 15 4462.721
37 36 4143.33
37 49 3779.891
37 50 1579.1158
37 713 2072.0764
37 755 2182.6414
37 784 1641.4215
38 49 2446.5415
38 50 2410.956
38 175 2398.8284
38 703 3783.8977
38 736 1791.2291
38 764 1783.9482
38 782 2588.2158
39 29 2256.8389
39 30 3157.4006
39 31 2368.8997
39 40 2225.2456
39 41 3355.5522
40 30 2658.085
40 39 2225.2456
40 41 2657.4885
40 52 3297.1685
40 267 3352.2856
40 319 2565.6975
41 31 2844.8193
41 39 3355.5522
41 40 2657.4885
41 267 2459.9543
41 319 3936.8684
41 340 3375.412
41 358 2884.681
42 52 2008.4081
42 536 1675.9553
42 537 3211.0947
42 663 4078.8906
43 48 1602.742
43 267 1996.5305
44 45 732.5902
44 211 737.6245
44 535 2884.1409
45 44 732.5902
45 212 784.956
45 535 2771.435
46 47 1530.4536
46 65 1791.9008
46 266 1708.0227
46 357 1346.6956
47 46 1530.4536
47 211 2317.0183
47 266 2471.0042
47 357 2499.678
47 535 2217.2356
48 43 1602.742
48 241 2678.1873
48 357 1695.9972
48 488 2567.0989
49 37 3779.891
49 38 2446.5415
49 175 4129.537
49 176 2390.3015
50 35 3078.6638
50 37 1579.1158
50 38 2410.956
50 713 2488.2837
50 736 1376.8099
51 488 1855.311
52 14 3529.0564
52 30 2323.961
52 40 3297.1685
52 42 2008.4081
52 319 2629.6118
52 663 4126.744
53 27 2161.589
53 105 1982.9288
53 663 4252.566
53 664 1987.8085
53 665 2900.5667
54 70 2583.179
54 71 1769.524
54 106 3622.36
54 214 2904.7869
54 215 1267.8203
54 464 2441.2058
54 548 2961.148
55 22 1321.6266
55 23 1589.419
56 57 2672.2354
56 76 2648.8245
56 77 3762.39
56 306 2641.8818
56 596 2978.0322
57 56 2672.2354
57 76 3743.2664
57 77 2646.5835
57 78 2662.6272
57 79 2687.6719
57 80 3814.2393
57 81 2663.3137
57 302 3700.125
57 306 3818.285
58 2 4498.719
58 125 4008.6633
58 148 3834.4004
58 154 2895.677
58 675 3131.3816
58 687 1771.2496
58 721 1906.9932
59 6 4147.416
59 205 3764.0708
59 228 4766.865
59 254 2654.75
59 312 6992.352
59 503 3867.1892
59 641 5933.4463
59 661 5290.1865
60 66 4344.4233
60 67 2906.0286
60 68 4191.5776
60 97 9090.308
60 183 2966.5894
60 702 6608.125
60 715 5706.6245
60 760 6885.636
61 98 5395.667
61 284 3155.358
61 285 2852.6536
61 288 4179.281
61 305 4693.7104
61 522 2496.1685
61 577 3310.2827
61 599 2045.3378
62 89 4613.528
62 90 2264.1646
62 108 6171.2173
62 484 3321.3176
62 519 4259.6187
62 521 2976.4504
62 578 3995.8108
62 783 3931.6912
62 785 4549.068
63 7 2971.7102
63 129 9371.032
63 550 4446.5454
63 734 7109.1016
64 14 2521.7964
64 28 3657.7847
64 29 3094.799
64 30 3590.005
64 166 4690.1636
64 619 3706.53
64 746 4900.8154
64 798 2640.4868
65 46 1791.9008
65 266 2345.7402
65 356 2480.2202
65 357 1526.0729
66 60 4344.4233
66 67 2688.6765
66 617 2991.4214
66 673 3983.4312
67 60 2906.0286
67 66 2688.6765
67 183 2099.1523
67 617 3768.925
67 673 2634.8628
68 60 4191.5776
68 183 2048.6714
68 695 2837.7646
68 715 1867.245
68 731 3249.0823
69 71 1300.9833
69 73 2687.5784
69 106 3347.1519
69 185 2365.5933
69 320 1880.6962
70 54 2583.179
70 71 3184.9595
70 106 1714.9652
70 214 1320.1202
70 463 2356.065
71 54 1769.524
71 69 1300.9833
71 70 3184.9595
71 106 3333.5208
71 185 2853.2432
71 320 3060.4426
71 370 3607.621
71 464 3209.1882
71 548 1953.9108
72 73 1296.1084
72 75 2300.4583
72 387 1356.3439
72 549 1755.8274
73 69 2687.5784
73 72 1296.1084
73 75 2411.0642
73 106 2512.1313
73 185 1257.2631
73 462 3356.6084
74 75 2141.164
74 134 2185.1216
74 288 1717.4108
75 72 2300.4583
75 73 2411.0642
75 74 2141.164
75 134 1721.4486
75 387 3005.6067
75 462 1851.7832
76 56 2648.8245
76 57 3743.2664
76 77 2647.0254
76 136 3450.298
76 596 2953.9521
76 597 4930.1826
77 56 3762.39
77 57 2646.5835
77 76 2647.0254
77 80 2668.3015
77 81 3696.9016
77 136 2059.4424
78 57 2662.6272
78 79 1327.9318
78 81 3245.0999
78 302 1891.4858
79 57 2687.6719
79 78 1327.9318
79 303 2701.681
79 306 2194.458
80 57 3814.2393
80 77 2668.3015
80 81 2645.3835
80 136 3220.1658
80 341 3738.176
80 395 4960.367
80 458 2670.8962
81 57 2663.3137
81 77 3696.9016
81 78 3245.0999
81 80 2645.3835
81 302 2658.3308
81 341 2664.5625
81 360 3746.1206
81 458 3788.8164
82 240 3380.112
82 576 1944.1519
82 635 4959.079
82 689 2605.252
82 724 1975.0999
82 725 3559.53
83 112 4185.003
83 122 6124.962
83 165 5514.103
83 188 5776.074
83 223 2257.051
83 706 4066.3833
83 707 2818.684
83 767 2391.899
84 155 2575.5894
84 562 6445.134
84 639 4093.4036
84 640 3980.5176
84 686 3326.2798
84 697 5753.169
84 717 4786.8315
84 762 2096.0435
84 774 5444.2
84 787 5410.8774
85 172 4179.269
85 231 3310.7024
85 264 5867.8633
85 265 6657.576
85 291 5819.5264
85 336 3500.6992
85 337 5091.3228
85 586 6877.18
85 589 5808.6543
85 606 4214.54
85 772 5740.1763
85 792 6868.283
86 87 2300.6616
86 90 2806.411
86 95 5997.688
86 96 3339.3086
86 758 1583.0704
86 759 3017.9949
87 4 3844.5088
87 86 2300.6616
87 89 3128.1958
87 90 2220.7625
87 757 1880.2114
88 4 2951.8801
88 36 2853.2073
88 89 2488.3704
88 755 3092.0579
88 756 2834.614
88 765 1303.9692
88 784 2291.4575
89 4 3145.4568
89 36 4050.4792
89 62 4613.528
89 87 3128.1958
89 88 2488.3704
89 90 3988.5295
89 578 2676.9863
90 62 2264.1646
90 86 2806.411
90 87 2220.7625
90 89 3988.5295
90 96 5595.7134
90 783 4491.8975
90 785 3928.0781
91 11 3656.061
91 96 5537.234
91 366 4358.1973
91 367 5626.338
91 579 3535.0378
91 625 4561.782
91 651 4663.557
91 668 4172.9824
91 669 4030.241
91 783 3150.0154
91 785 2766.896
92 13 2093.9336
92 142 890.12756
92 144 1956.496
92 159 1774.3447
92 633 3155.0737
92 634 2973.9163
93 25 2831.994
93 94 2638.059
93 128 3967.647
93 130 3852.4426
93 259 3089.339
93 778 4916.235
93 779 3057.2432
94 25 3887.0613
94 93 2638.059
94 130 2805.3599
94 778 3956.034
95 3 3956.8872
95 4 2715.16
95 15 5347.3193
95 86 5997.688
95 269 3401.9734
95 342 2882.2505
95 364 4406.59
95 365 2726.0312
95 755 5232.526
95 756 4170.2065
95 757 3296.1206
95 758 4416.078
95 759 5226.542
96 11 3352.7224
96 86 3339.3086
96 90 5595.7134
96 91 5537.234
96 125 9301.376
96 248 4234.65
96 249 4585.0645
96 329 4143.572
96 759 3360.8086
96 785 4139.2866
97 32 2073.8545
97 33 4650.8823
97 34 5973.144
97 35 4873.3677
97 60 9090.308
97 131 6549.7764
97 684 2966.6897
97 701 1127.7715
97 702 2809.7798
97 703 3311.5247
97 760 3322.8157
97 771 3306.5522
98 61 5395.667
98 285 3977.2715
98 453 5200.6416
98 455 3620.1482
98 577 3314.3123
98 583 4271.8926
98 657 4864.3013
98 658 4251.9116
98 694 3281.9773
99 16 1326.3032
99 270 2286.713
99 289 1496.0377
100 17 2624.6294
100 101 3212.1326
100 102 1656.9783
100 152 2529.3167
100 184 3040.912
100 206 3147.7344
100 682 3221.3025
100 744 3985.1704
101 17 1459.6066
101 100 3212.1326
101 682 2835.663
101 793 2180.513
102 100 1656.9783
102 152 1412.9862
102 682 1615.9624
103 104 2812.9294
103 157 2311.2388
103 229 877.0492
103 232 1515.8375
103 625 2403.2122
103 668 2668.4827
104 16 2476.4995
104 103 2812.9294
104 158 6106.0815
104 229 2935.803
104 232 2857.759
104 270 3470.8435
104 307 1450.2706
105 53 1982.9288
105 224 2765.972
105 558 3005.946
105 563 3316.5725
105 609 2096.6677
105 663 4024.121
105 664 2516.225
106 54 3622.36
106 69 3347.1519
106 70 1714.9652
106 71 3333.5208
106 73 2512.1313
106 185 1377.5352
106 410 4186.255
106 438 3150.2256
106 462 3443.1084
106 463 2854.1953
107 108 1955.0271
107 147 3357.9634
107 167 3752.6104
107 271 3756.7583
107 272 3675.4712
107 308 2606.8838
108 62 6171.2173
108 107 1955.0271
108 167 4605.612
108 208 7479.5806
108 481 4632.1265
108 482 3009.8057
108 483 2581.0112
108 484 4257.772
108 520 3661.689
108 521 3610.4966
108 651 5946.907
108 783 7140.154
109 115 4902.3623
109 239 6083.2993
109 371 3664.7422
109 424 2955.8306
109 466 3490.3652
109 612 2849.3726
109 614 1881.7452
109 615 4248.1953
109 622 5084.0864
109 623 4687.6274
109 645 1363.6094
109 646 2989.1384
110 111 2663.6528
110 181 3500.7107
110 182 3377.538
110 273 2960.6753
110 281 4250.7363
110 318 2839.6218
110 369 3548.5115
110 763 4288.2266
111 110 2663.6528
111 182 4085.1174
111 273 2984.7031
111 763 3361.7693
111 774 3548.088
111 776 4285.912
111 777 2754.613
112 21 2572.7566
112 83 4185.003
112 165 3183.4521
112 408 1996.5349
112 433 3327.6077
112 767 2729.1128
113 114 1958.5432
113 230 3343.9607
113 302 3317.752
113 354 2749.1404
113 359 2738.0022
113 360 2003.9962
114 113 1958.5432
114 138 3737.9224
114 326 3639.1663
114 327 2335.8577
114 354 2953.5818
114 359 2956.2104
114 410 3756.4858
114 459 2755.5798
115 22 3392.3708
115 109 4902.3623
115 324 3945.6555
115 371 2099.9639
115 623 2546.0503
116 118 1325.6702
116 119 1818.5631
116 256 1636.6411
116 363 2781.4695
116 750 4347.837
117 23 1296.0754
117 118 2435.2026
117 119 2967.2974
117 257 2841.7178
117 748 2377.7441
117 749 1336.237
118 23 2063.4277
118 116 1325.6702
118 117 2435.2026
118 119 1759.6292
118 749 3097.9604
119 116 1818.5631
119 117 2967.2974
119 118 1759.6292
119 256 2740.768
119 749 2817.2
119 750 4372.8745
120 26 3968.5505
120 133 7404.859
120 187 5825.05
120 331 4876.138
120 346 4003.096
120 347 3048.521
120 415 3010.8247
120 450 2902.973
120 479 3526.9248
120 495 5103.0063
120 496 4111.4033
120 514 3344.2698
121 163 4077.6165
121 165 4819.3496
121 330 3497.03
121 331 3417.084
121 403 2273.3533
121 434 3937.0088
121 479 4407.7734
121 512 3407.1997
121 513 2920.5796
122 83 6124.962
122 171 4056.2634
122 188 5221.4766
122 222 6557.6675
122 676 5031.313
122 705 6380.85
122 706 3841.4075
122 707 4198.846
122 720 5079.233
122 737 4789.9395
122 738 4371.852
122 739 5917.0547
123 1 4626.1123
123 199 7984.575
123 203 4307.9517
123 260 3976.293
123 261 3226.1746
123 262 3986.3413
123 290 4659.3813
123 611 5792.4653
123 637 4048.5217
123 638 4229.2246
124 193 1904.6355
124 751 3393.3865
124 752 2126.7432
124 770 2833.1514
125 1 7526.487
125 2 7818.8984
125 3 6188.1616
125 58 4008.6633
125 96 9301.376
125 191 5088.678
125 203 5488.2217
125 227 4485.543
125 248 6145.7876
125 249 5047.433
125 250 3687.0525
125 269 3142.9526
125 329 10286.424
125 342 3401.611
125 364 3405.2534
125 365 4319.83
126 166 2876.0127
126 747 4505.429
126 750 4137.3745
127 128 2511.4565
127 692 3325.7178
127 700 4364.645
127 745 2655.986
127 779 3258.9626
128 93 3967.647
128 127 2511.4565
128 258 4044.7893
128 259 3620.9534
128 745 3283.7666
128 779 3603.5676
129 7 6437.1953
129 63 9371.032
129 180 5374.296
129 412 7516.0264
129 444 5728.2754
130 25 2665.032
130 93 3852.4426
130 94 2805.3599
130 310 3822.3823
130 441 3545.2305
130 442 2707.3967
130 443 4939.3926
131 15 2479.8684
131 33 1987.1913
131 34 2577.754
131 97 6549.7764
131 200 2933.1663
131 201 2712.4512
131 202 3347.1985
131 761 2576.9336
132 140 3125.0986
132 187 4185.853
132 246 2815.4546
132 430 3742.348
132 471 6549.8364
132 472 5864.3296
132 489 3940.561
132 496 4080.0889
133 26 5536.7456
133 120 7404.859
133 141 4723.3496
133 151 2531.5088
133 380 2894.6013
133 415 4424.1274
133 425 5387.8535
133 468 2512.8547
134 74 2185.1216
134 75 1721.4486
134 284 1389.3795
134 288 3451.7107
134 387 3315.2612
134 390 3180.1992
135 136 2713.2542
135 396 3244.5251
135 597 4011.724
136 76 3450.298
136 77 2059.4424
136 80 3220.1658
136 135 2713.2542
136 395 5656.7295
136 396 3822.0103
136 458 5562.285
136 596 6374.638
136 597 5312.368
137 214 2383.527
137 215 2384.0593
137 294 4427.691
137 324 2968.1257
137 325 2978.068
137 328 3675.154
137 371 5040.3486
137 424 4397.8286
137 463 4338.604
137 464 4538.576
138 114 3737.9224
138 258 3512.982
138 326 2180.79
138 327 4105.893
138 359 2152.8853
138 361 4415.847
138 362 2912.3218
139 10 2643.3738
139 140 2346.738
139 246 3610.644
139 405 2852.0908
139 406 2262.6667
139 427 3957.2441
139 428 3800.0063
140 10 3597.3718
140 132 3125.0986
140 139 2346.738
140 246 2806.368
140 406 3227.5989
140 428 3412.5713
140 471 4805.7954
140 489 3736.729
141 133 4723.3496
141 151 3364.5303
141 416 1677.9965
141 452 3221.464
142 92 890.12756
142 159 1060.4835
143 12 1558.8923
143 13 1548.9845
143 144 1002.1045
143 538 1888.4678
143 539 2567.028
144 13 1833.8917
144 92 1956.496
144 143 1002.1045
144 538 2501.4805
146 217 4657.4707
146 355 2598.4365
146 398 1764.0096
146 439 1454.9258
146 440 1507.5513
146 460 1718.9194
146 498 2422.6733
147 107 3357.9634
147 289 2272.097
147 308 2235.9385
147 309 1778.1324
147 651 3033.208
148 58 3834.4004
148 154 2703.1992
148 170 2608.3923
148 171 3265.65
148 222 1943.665
149 176 3123.129
149 300 2898.8804
149 422 1717.0078
149 454 2952.9907
149 543 2609.3032
150 194 2562.3718
150 532 2815.5874
150 591 3324.469
150 592 5263.827
150 607 3472.9526
150 630 2797.8955
151 133 2531.5088
151 141 3364.5303
151 380 2017.7859
151 451 2840.359
151 452 2103.7676
152 100 2529.3167
152 102 1412.9862
152 682 2140.6812
153 400 3383.92
153 425 3319.0945
153 426 2732.8555
153 439 2764.0981
153 440 2807.1938
153 469 2731.2236
153 470 3317.2507
153 498 3368.3486
153 502 1982.2148
154 2 3512.49
154 58 2895.677
154 148 2703.1992
154 222 3907.568
154 374 990.21265
155 84 2575.5894
155 195 1977.2815
155 639 2704.3257
155 640 2237.2385
156 33 3508.4106
156 200 2787.5674
156 751 2287.1926
156 753 2095.7224
156 754 1982.0193
156 770 2967.531
156 799 1267.9723
157 103 2311.2388
157 158 2898.0884
157 232 1231.7655
157 533 3043.4487
157 625 1981.8656
158 104 6106.0815
158 157 2898.0884
158 232 3756.201
158 366 5548.627
158 533 481.99564
158 579 3894.4648
158 625 4434.3247
159 92 1774.3447
159 142 1060.4835
159 539 1758.8408
159 632 2788.0657
159 633 2251.4783
160 161 1949.2854
160 162 3493.0833
160 446 2098.5227
161 160 1949.2854
161 162 2703.054
161 353 1535.1934
161 392 1403.9674
161 446 2094.4258
161 447 2110.843
162 160 3493.0833
162 161 2703.054
162 218 3143.824
162 221 2720.9397
162 352 3099.7622
162 392 2398.8958
162 413 1716.2238
162 445 2729.041
162 560 3404.2522
162 624 1781.5077
163 121 4077.6165
163 165 2627.64
163 217 4579.749
163 223 5409.3394
163 330 3630.111
163 400 3643.4292
163 401 2071.448
163 402 1158.8986
163 403 2217.031
164 217 3671.0713
164 393 1691.7927
164 446 1516.8503
164 460 1368.1847
165 21 3222.4417
165 83 5514.103
165 112 3183.4521
165 121 4819.3496
165 163 2627.64
165 223 5347.0913
165 434 4045.3
166 64 4690.1636
166 126 2876.0127
166 619 3971.2456
166 746 4837.5293
166 747 5417.806
166 748 3897.0962
166 749 2902.7278
166 798 3146.0974
167 107 3752.6104
167 108 4605.612
167 208 5005.1216
167 209 3774.935
167 272 2202.5486
167 743 2687.77
167 796 2583.261
167 797 3356.048
168 534 2197.5503
168 681 2035.2334
168 682 2820.606
168 691 1546.9192
168 725 2835.3328
168 729 1013.4521
170 148 2608.3923
170 171 2387.8599
170 191 4185.202
170 675 1268.9355
170 720 3883.4897
171 122 4056.2634
171 148 3265.65
171 170 2387.8599
171 191 5722.1816
171 222 3196.4995
171 720 4129.753
172 85 4179.269
172 604 2744.5928
172 605 2975.192
172 606 3336.5623
172 636 3570.8506
172 696 4805.646
172 772 4811.9663
172 792 4396.445
173 8 10801.384
173 251 11766.799
173 253 9918.537
173 525 12410.851
173 526 11694.5205
173 585 11193.468
173 601 11012.547
173 642 12942.509
173 786 12143.382
174 492 3450.21
174 504 6160.382
174 507 3479.9954
174 508 1412.977
174 509 1661.7534
174 704 6322.712
175 38 2398.8284
175 49 4129.537
175 176 4002.178
176 49 2390.3015
176 149 3123.129
176 175 4002.178
176 542 3890.0388
176 543 2219.9385
176 544 3244.4639
177 178 2225.9114
177 208 2365.7175
177 239 3314.219
177 323 1422.5836
177 372 1967.5718
178 177 2225.9114
178 208 2208.1074
178 297 2077.9746
178 372 1902.5802
178 437 1026.7041
178 480 3226.7578
178 481 2860.4324
179 293 1945.1962
179 297 2719.086
179 298 1466.5098
179 299 2371.3093
179 321 2830.9346
179 322 2241.697
179 323 2797.7017
179 349 1997.8069
179 372 2295.377
180 7 2898.4138
180 129 5374.296
180 734 5338.6074
181 110 3500.7107
181 182 1327.3206
181 292 3143.8296
181 318 1662.7905
181 343 2822.134
182 110 3377.538
182 111 4085.1174
182 181 1327.3206
182 343 2660.747
182 763 2321.5894
182 800 3539.508
183 60 2966.5894
183 67 2099.1523
183 68 2048.6714
183 673 3388.7915
183 695 2946.9612
184 17 1378.8969
184 100 3040.912
184 206 3972.9495
184 744 1859.9836
184 793 1299.8088
185 69 2365.5933
185 71 2853.2432
185 73 1257.2631
185 106 1377.5352
186 0 5445.818
186 427 3390.057
186 528 6007.15
186 553 2932.5964
186 566 5660.4014
186 567 3507.0461
186 592 5385.656
186 607 3080.1523
186 630 2584.1384
187 120 5825.05
187 132 4185.853
187 417 3853.0027
187 418 1963.3102
187 419 3391.066
187 430 5115.3833
187 450 3026.3052
187 496 4558.575
187 506 4362.689
188 83 5776.074
188 122 5221.4766
188 218 1858.0205
188 222 5621.182
188 223 5291.5396
188 295 4031.7314
188 413 1880.7654
188 414 4174.8555
188 706 2079.1826
189 24 1633.2288
189 190 2979.2173
189 221 2425.6296
189 445 2768.889
189 560 2698.1035
189 580 3637.347
190 24 2707.613
190 189 2979.2173
190 192 2666.2666
190 580 5108.172
191 1 3923.0867
191 125 5088.678
191 170 4185.202
191 171 5722.1816
191 718 4237.863
191 719 2928.984
191 720 2778.1125
191 722 3148.4607
192 2 4914.783
192 190 2666.2666
192 329 5908.0547
192 373 4027.5532
192 559 3453.8323
193 124 1904.6355
193 204 2365.1594
193 226 2425.5063
193 247 2053.6133
193 770 1783.6013
194 150 2562.3718
194 532 2947.088
194 591 3584.1033
194 631 1830.9233
195 155 1977.2815
195 611 3195.4277
195 637 3785.978
195 638 2473.1157
195 639 3149.8594
195 640 2242.7717
196 197 5317.775
196 198 5872.91
196 234 2646.8555
197 196 5317.775
197 198 2663.277
197 216 6296.5654
198 196 5872.91
198 197 2663.277
198 216 6801.2334
198 234 5369.7446
198 242 5925.2314
198 497 5426.9844
198 570 4209.7935
199 123 7984.575
199 204 5196.475
199 233 3405.961
199 247 3617.3745
199 311 5034.3457
199 562 5235.8457
199 590 6005.7417
199 611 4462.3486
199 638 6812.281
200 131 2933.1663
200 156 2787.5674
200 201 1240.697
200 202 2702.3677
200 260 1848.6919
200 261 2797.0942
200 290 2050.2888
200 754 2910.7886
201 33 2277.3916
201 131 2712.4512
201 200 1240.697
202 3 3126.9963
202 131 3347.1985
202 200 2702.3677
202 203 4445.8174
202 261 2377.5613
202 262 1811.7266
202 761 1805.445
203 1 4380.0273
203 3 4183.767
203 123 4307.9517
203 125 5488.2217
203 202 4445.8174
203 262 2791.1401
203 365 4829.741
204 193 2365.1594
204 199 5196.475
204 247 2102.049
205 6 2967.0488
205 59 3764.0708
205 503 2923.2122
206 100 3147.7344
206 184 3972.9495
206 207 3815.653
206 270 2734.2285
206 744 3282.812
207 206 3815.653
207 270 3965.7483
207 744 1935.333
207 797 2391.53
208 108 7479.5806
208 167 5005.1216
208 177 2365.7175
208 178 2208.1074
208 209 2219.7954
208 239 5113.687
208 437 2680.7607
208 742 3719.8855
209 167 3774.935
209 208 2219.7954
209 239 6285.74
209 742 3766.5396
209 769 2544.545
209 794 3371.8699
209 795 2721.096
209 796 2234.5173
210 690 1240.9207
210 691 1955.9789
210 725 4088.4514
210 727 2237.8684
210 728 2005.6675
210 729 2385.9866
210 730 1482.0785
211 44 737.6245
211 47 2317.0183
211 266 3003.2815
211 535 2803.6812
212 12 871.9599
212 45 784.956
212 535 3095.1536
214 54 2904.7869
214 70 1320.1202
214 137 2383.527
214 328 3048.7266
215 54 1267.8203
215 137 2384.0593
215 464 2384.8464
216 197 6296.5654
216 198 6801.2334
216 242 2716.5693
216 487 6178.89
216 531 5207.229
216 626 5614.1377
217 146 4657.4707
217 163 4579.749
217 164 3671.0713
217 223 3759.6345
217 393 1999.0841
217 400 2865.6746
217 402 3420.8818
217 414 3176.8887
217 439 4136.085
217 448 1625.0753
217 460 4568.659
218 162 3143.824
218 188 1858.0205
218 223 4203.568
218 353 1612.6499
218 392 1101.3179
218 413 2644.1304
218 414 2658.3557
218 447 2540.0435
219 220 2900.5762
219 397 3695.7964
219 449 3024.7893
219 582 3905.5764
220 219 2900.5762
220 580 2781.6096
220 581 2576.9524
220 582 3914.4175
221 24 3179.815
221 162 2720.9397
221 189 2425.6296
221 445 1319.1464
221 560 1380.8312
221 580 4499.929
222 122 6557.6675
222 148 1943.665
222 154 3907.568
222 171 3196.4995
222 188 5621.182
222 295 2080.775
222 374 4297.2485
223 83 2257.051
223 163 5409.3394
223 165 5347.0913
223 188 5291.5396
223 217 3759.6345
223 218 4203.568
223 414 1874.4669
223 706 4308.36
224 105 2765.972
224 558 1757.5073
224 575 1854.2844
224 609 3046.312
224 621 2659.4236
224 622 3323.2517
224 650 2974.9783
224 664 2115.4946
224 666 2103.662
225 243 2587.3208
225 505 2600.3992
225 507 1817.7646
225 508 2522.801
226 193 2425.5063
226 233 1339.2389
226 247 2487.7776
226 753 2102.648
226 754 2823.7988
226 770 1908.9463
227 125 4485.543
227 249 903.7858
227 250 823.89813
227 364 1990.9542
228 8 6296.3643
228 59 4766.865
228 252 2667.093
228 254 3950.4106
228 503 4186.496
228 659 3721.551
229 16 2117.0518
229 103 877.0492
229 104 2935.803
229 309 817.007
229 625 2894.9673
229 668 2952.5132
229 669 3059.8618
230 25 3797.759
230 113 3343.9607
230 258 4801.356
230 259 3982.6787
230 310 2666.237
230 341 3748.1199
230 359 2677.124
230 360 2661.4468
231 85 3310.7024
231 291 2664.8562
231 336 3859.2756
231 337 2650.243
231 772 3751.504
232 103 1515.8375
232 104 2857.759
232 157 1231.7655
232 158 3756.201
232 625 2579.6453
233 199 3405.961
233 226 1339.2389
233 247 2290.525
233 311 2105.402
234 196 2646.8555
234 198 5369.7446
234 570 3441.4058
235 236 2644.1924
235 253 4196.886
235 523 3704.2822
235 569 2697.5652
235 642 6928.413
236 235 2644.1924
236 252 2531.6196
236 253 4697.623
236 523 3489.073
236 600 3859.7412
236 659 4091.1458
237 5 3339.9736
237 291 4281.034
237 292 2675.428
237 316 3563.8154
237 317 6093.7427
237 338 2653.3188
238 643 2807.6277
238 644 1977.8561
238 677 1482.4003
238 688 2098.4534
238 723 2097.4329
238 727 2406.6218
238 728 1971.7335
238 741 1482.1006
239 109 6083.2993
239 177 3314.219
239 208 5113.687
239 209 6285.74
239 323 2690.3525
239 466 3294.4666
239 467 2644.004
239 615 2855.265
239 742 3157.0613
240 18 2938.415
240 19 2089.6243
240 82 3380.112
240 575 3120.4207
240 576 1963.8434
240 610 1963.6602
240 632 4449.301
240 633 4305.926
240 634 5501.9287
240 649 2380.6277
240 724 3028.9714
241 48 2678.1873
241 319 2891.2993
241 357 2312.9114
241 535 3483.845
241 536 2678.9995
242 198 5925.2314
242 216 2716.5693
242 497 3011.581
242 572 5994.8384
242 573 5358.068
243 225 2587.3208
243 504 5917.5137
243 505 3512.4941
244 416 2646.607
244 417 2477.2537
244 419 2552.3774
244 420 4272.017
244 452 3204.9868
245 419 3069.6138
245 420 4187.77
245 477 3430.3247
245 504 7191.3726
245 506 4165.6113
246 10 2373.7725
246 132 2815.4546
246 139 3610.644
246 140 2806.368
246 495 3294.559
246 496 2354.206
247 193 2053.6133
247 199 3617.3745
247 204 2102.049
247 226 2487.7776
247 233 2290.525
248 96 4234.65
248 125 6145.7876
248 249 1301.274
249 96 4585.0645
249 125 5047.433
249 227 903.7858
249 248 1301.274
250 125 3687.0525
250 227 823.89813
250 364 1372.2141
251 173 11766.799
251 471 7429.6113
251 490 6053.1816
251 491 4635.9116
251 492 6117.681
251 526 4112.516
251 642 5488.0835
252 8 8527.089
252 228 2667.093
252 236 2531.6196
252 253 6215.6143
252 254 5068.6475
252 523 4942.2056
252 600 3128.7388
252 659 3000.8328
253 173 9918.537
253 235 4196.886
253 236 4697.623
253 252 6215.6143
253 569 5447.88
253 600 4427.3394
253 642 5241.1323
254 59 2654.75
254 228 3950.4106
254 252 5068.6475
254 485 2968.2188
254 503 5474.6016
254 641 5288.6245
254 659 2952.7456
254 661 5901.566
254 662 5954.8174
255 263 6737.272
255 315 4706.187
255 333 5893.619
255 368 3405.873
255 552 3290.9692
256 116 1636.6411
256 119 2740.768
256 361 2993.6125
256 362 2987.8408
256 363 3807.0493
256 750 2967.1218
257 23 2957.545
257 117 2841.7178
257 619 4490.1104
257 620 2889.0754
257 623 3942.5015
257 665 2508.9722
257 748 2538.0525
257 749 3584.0012
258 128 4044.7893
258 138 3512.982
258 230 4801.356
258 259 2685.8892
258 359 3996.977
258 361 2986.4373
258 745 6035.371
258 750 5393.462
259 25 2980.213
259 93 3089.339
259 128 3620.9534
259 230 3982.6787
259 258 2685.8892
259 310 4778.8774
259 359 4813.029
260 123 3976.293
260 200 1848.6919
260 261 1356.9431
260 290 1330.5656
261 123 3226.1746
261 200 2797.0942
261 202 2377.5613
261 260 1356.9431
261 262 1839.8214
262 3 3419.2463
262 123 3986.3413
262 202 1811.7266
262 203 2791.1401
262 261 1839.8214
263 255 6737.272
263 333 4992.8145
263 368 3694.5127
264 85 5867.8633
264 265 2003.4835
264 334 5350.7285
264 335 5692.7607
264 336 5688.3286
264 588 5984.3784
264 589 2674.908
265 85 6657.576
265 264 2003.4835
265 334 5721.0015
265 335 5336.434
265 336 5319.4595
266 46 1708.0227
266 47 2471.0042
266 65 2345.7402
266 211 3003.2815
266 356 4596.396
266 535 4568.2075
267 40 3352.2856
267 41 2459.9543
267 43 1996.5305
267 319 2655.5366
267 340 2655.9316
267 358 4534.8623
268 294 2657.749
268 325 3455.3977
268 326 3339.0994
268 362 2115.7769
268 363 2195.8696
269 95 3401.9734
269 125 3142.9526
269 342 999.4035
269 364 1460.3218
270 99 2286.713
270 104 3470.8435
270 206 2734.2285
270 207 3965.7483
270 271 3965.6248
270 289 3656.4658
270 307 2682.4028
270 308 4721.077
270 744 4717.5073
271 107 3756.7583
271 270 3965.6248
271 272 1472.0723
271 289 2428.8318
271 308 1988.4331
272 107 3675.4712
272 167 2202.5486
272 271 1472.0723
272 308 2955.395
272 743 2965.253
272 797 2649.8494
273 110 2960.6753
273 111 2984.7031
273 274 1851.5233
273 280 4820.765
273 281 4659.4893
273 344 1853.85
273 369 4813.068
273 685 4015.8718
273 766 4193.7554
273 774 4843.161
274 273 1851.5233
274 275 1321.8475
274 279 2671.5105
274 280 3318.1067
274 281 3589.1362
274 344 2658.543
274 384 2965.3687
275 274 1321.8475
275 276 1323.7639
275 278 2668.9622
275 279 2321.3562
275 344 2971.784
275 383 2967.6694
275 384 2656.6306
276 275 1323.7639
276 277 1324.953
276 278 2319.02
276 279 2676.0784
276 296 2965.6943
276 383 2653.5393
276 384 2966.0044
277 20 3979.4497
277 276 1324.953
277 278 2669.8093
277 296 2653.834
277 383 2966.0447
277 408 2966.2473
277 433 1324.8884
277 435 3314.0522
278 20 2125.4314
278 275 2668.9622
278 276 2319.02
278 277 2669.8093
278 279 1328.8667
279 274 2671.5105
279 275 2321.3562
279 276 2676.0784
279 278 1328.8667
279 282 3216.7605
279 283 2965.776
280 273 4820.765
280 274 3318.1067
280 281 1331.6515
280 282 2139.6882
281 110 4250.7363
281 273 4659.4893
281 274 3589.1362
281 280 1331.6515
281 282 2726.2358
281 369 1327.6675
282 279 3216.7605
282 280 2139.6882
282 281 2726.2358
282 283 2267.4785
282 332 4800.139
282 431 3378.8257
282 432 2573.763
283 20 1653.8566
283 279 2965.776
283 282 2267.4785
283 431 2979.3813
283 432 4004.2332
284 61 3155.358
284 134 1389.3795
284 285 2016.8933
284 390 3378.0767
284 453 3906.3079
285 61 2852.6536
285 98 3977.2715
285 284 2016.8933
285 390 3965.3372
285 453 3391.0103
285 455 4319.9375
286 297 1654.4391
286 372 2104.7188
286 515 2412.5322
287 298 1501.2715
287 299 2013.6676
287 300 2325.9448
287 301 1432.663
287 542 2711.9443
288 61 4179.281
288 74 1717.4108
288 134 3451.7107
288 303 3745.7566
288 304 3168.8381
288 305 1958.2856
288 438 3849.6875
288 462 3054.8857
288 522 3193.9246
289 99 1496.0377
289 147 2272.097
289 270 3656.4658
289 271 2428.8318
289 308 1389.5433
289 309 2817.799
290 123 4659.3813
290 200 2050.2888
290 260 1330.5656
290 754 1326.6094
291 5 2659.018
291 85 5819.5264
291 231 2664.8562
291 237 4281.034
291 338 3374.4072
291 772 2653.5583
291 773 4256.5117
292 181 3143.8296
292 237 2675.428
292 318 4052.218
292 338 3750.5698
292 343 2656.153
292 381 4046.1064
292 382 3758.5752
293 179 1945.1962
293 321 1426.1332
293 322 1284.1808
293 349 2312.0095
293 467 2796.6934
293 547 3149.6338
294 137 4427.691
294 268 2657.749
294 325 2196.9248
294 326 2031.9612
294 328 2653.3347
294 362 3837.4326
294 363 3438.1296
295 24 3404.1206
295 188 4031.7314
295 222 2080.775
295 352 1307.5785
295 375 2589.5066
295 413 2964.1836
296 276 2965.6943
296 277 2653.834
296 383 1324.0687
296 408 1324.5186
296 433 2966.4292
296 789 2736.2097
296 790 2966.9836
297 178 2077.9746
297 179 2719.086
297 286 1654.4391
297 301 2520.601
297 372 1436.5244
297 437 2335.881
297 480 3135.774
297 481 3696.5527
297 515 1939.0526
297 516 2023.381
298 179 1466.5098
298 287 1501.2715
298 299 1329.0833
298 300 3339.887
299 179 2371.3093
299 287 2013.6676
299 298 1329.0833
299 300 2761.8853
299 349 1312.9038
300 149 2898.8804
300 287 2325.9448
300 298 3339.887
300 299 2761.8853
300 454 2415.9487
300 542 2588.7034
300 543 2752.3926
301 287 1432.663
301 297 2520.601
301 515 1332.9282
302 57 3700.125
302 78 1891.4858
302 81 2658.3308
302 113 3317.752
302 303 3791.7754
302 341 3781.6519
302 354 2670.9011
302 360 2662.5198
303 79 2701.681
303 288 3745.7566
303 302 3791.7754
303 304 1975.3398
303 305 2986.1167
303 354 2659.5273
303 459 3297.06
304 288 3168.8381
304 303 1975.3398
304 305 3553.932
304 354 3328.8474
304 410 3141.895
304 438 2306.8538
304 459 2659.5107
304 462 3161.3406
305 61 4693.7104
305 288 1958.2856
305 303 2986.1167
305 304 3553.932
305 306 2687.4854
305 522 2652.4556
305 595 3650.7175
306 56 2641.8818
306 57 3818.285
306 79 2194.458
306 305 2687.4854
306 522 3887.3242
306 595 2661.6733
306 596 4761.7944
307 104 1450.2706
307 270 2682.4028
308 107 2606.8838
308 147 2235.9385
308 270 4721.077
308 271 1988.4331
308 272 2955.395
308 289 1389.5433
309 16 2064.9756
309 147 1778.1324
309 229 817.007
309 289 2817.799
309 651 2987.1162
309 668 3101.0493
309 669 2988.4358
310 25 2670.391
310 130 3822.3823
310 230 2666.237
310 259 4778.8774
310 341 2662.6494
310 360 3783.1306
310 442 2655.682
310 458 3745.8845
311 199 5034.3457
311 233 2105.402
312 6 4051.2063
312 59 6992.352
312 661 4290.126
313 333 6818.17
313 377 5662.7974
313 378 3559.9348
313 379 4028.9802
314 377 6650.443
314 379 5297.901
314 485 4742.882
314 524 4167.1313
314 594 2693.9702
314 629 4454.5293
314 662 2624.8865
315 255 4706.187
315 368 3556.1057
316 5 4945.645
316 237 3563.8154
316 317 4210.3813
316 348 4285.632
316 382 5330.096
316 570 4846.2173
317 5 4652.563
317 237 6093.7427
317 316 4210.3813
317 337 5037.391
317 570 4055.0896
318 110 2839.6218
318 181 1662.7905
318 292 4052.218
318 343 4442.595
318 369 3567.912
318 381 1328.7778
319 30 3876.7817
319 40 2565.6975
319 41 3936.8684
319 52 2629.6118
319 241 2891.2993
319 267 2655.5366
320 69 1880.6962
320 71 3060.4426
320 370 1554.4412
320 385 2531.4622
320 386 2015.5879
320 548 3069.9448
320 549 1331.4849
321 179 2830.9346
321 293 1426.1332
321 349 1974.8735
321 370 1332.5436
321 385 2377.4216
321 467 2960.7659
321 547 2662.9705
321 548 2998.3408
322 179 2241.697
322 293 1284.1808
322 372 2674.0005
323 177 1422.5836
323 179 2797.7017
323 239 2690.3525
323 372 1976.5548
324 22 1958.6765
324 115 3945.6555
324 137 2968.1257
324 325 2664.6306
324 363 3769.2188
324 371 2947.4172
324 424 4113.9243
325 22 3275.2456
325 137 2978.068
325 268 3455.3977
325 294 2196.9248
325 324 2664.6306
325 328 3528.8345
325 363 2654.9136
326 114 3639.1663
326 138 2180.79
326 268 3339.0994
326 294 2031.9612
326 327 2672.9016
326 328 3259.4524
326 362 3249.009
327 114 2335.8577
327 138 4105.893
327 326 2672.9016
327 328 2059.6555
327 410 2745.9846
327 459 3105.4788
327 463 3345.0376
328 137 3675.154
328 214 3048.7266
328 294 2653.3347
328 325 3528.8345
328 326 3259.4524
328 327 2059.6555
328 463 2536.7375
329 2 3966.1272
329 11 3543.7932
329 96 4143.572
329 125 10286.424
329 192 5908.0547
329 367 5155.2104
329 373 4212.3623
330 121 3497.03
330 163 3630.111
330 331 2409.235
330 400 3677.1106
330 403 1986.4316
330 470 1323.6238
331 120 4876.138
331 121 3417.084
331 330 2409.235
331 346 2029.9865
331 347 2248.9182
331 403 3506.89
331 469 3059.5195
331 470 2415.8901
331 479 3130.7356
331 513 3751.4917
332 282 4800.139
332 348 4828.403
332 369 4513.0483
332 382 4211.493
332 497 4102.0557
333 255 5893.619
333 263 4992.8145
333 313 6818.17
333 378 5075.8506
334 264 5350.7285
334 265 5721.0015
334 335 2003.949
334 588 2669.6904
334 589 5972.4663
335 264 5692.7607
335 265 5336.434
335 334 2003.949
336 85 3500.6992
336 231 3859.2756
336 264 5688.3286
336 265 5319.4595
336 337 3375.8125
337 85 5091.3228
337 231 2650.243
337 317 5037.391
337 336 3375.8125
338 5 4280.66
338 237 2653.3188
338 291 3374.4072
338 292 3750.5698
338 343 2676.8083
338 772 4304.5654
338 773 2647.6526
338 800 3747.0981
339 356 2137.411
339 488 2121.2305
340 41 3375.412
340 267 2655.9316
340 358 3370.8042
341 80 3738.176
341 81 2664.5625
341 230 3748.1199
341 302 3781.6519
341 310 2662.6494
341 360 2660.5813
341 442 3780.0925
341 458 2664.1782
342 95 2882.2505
342 125 3401.611
342 269 999.4035
342 365 1663.0017
343 181 2822.134
343 182 2660.747
343 292 2656.153
343 318 4442.595
343 338 2676.8083
343 763 3742.95
343 800 2654.0613
344 273 1853.85
344 274 2658.543
344 275 2971.784
344 384 1323.6693
344 685 2984.528
344 766 2660.5637
345 2 3426.8435
345 375 2695.28
346 26 1895.0643
346 120 4003.096
346 331 2029.9865
346 347 2759.9158
346 426 2615.622
346 469 2282.719
346 470 2660.2346
347 120 3048.521
347 331 2248.9182
347 346 2759.9158
347 479 1248.6493
347 513 3108.9897
348 316 4285.632
348 332 4828.403
348 382 2957.3396
348 497 3305.4458
348 570 6428.538
349 179 1997.8069
349 293 2312.0095
349 299 1312.9038
349 321 1974.8735
349 370 2393.5527
349 385 1329.3915
352 24 2887.3977
352 162 3099.7622
352 295 1307.5785
352 413 2614.7983
352 445 997.86084
353 161 1535.1934
353 218 1612.6499
353 392 1339.6854
353 414 2103.4
353 447 1015.50195
354 113 2749.1404
354 114 2953.5818
354 302 2670.9011
354 303 2659.5273
354 304 3328.8474
354 360 3787.381
354 459 1975.7986
355 146 2598.4365
355 398 1321.9736
355 399 3222.258
355 404 4416.269
355 449 3026.6094
356 65 2480.2202
356 266 4596.396
356 339 2137.411
356 357 3534.9382
356 488 1844.705
357 46 1346.6956
357 47 2499.678
357 48 1695.9972
357 65 1526.0729
357 241 2312.9114
357 356 3534.9382
357 488 3876.771
357 535 4364.821
358 29 7603.802
358 31 3565.8564
358 41 2884.681
358 267 4534.8623
358 340 3370.8042
359 113 2738.0022
359 114 2956.2104
359 138 2152.8853
359 230 2677.124
359 258 3996.977
359 259 4813.029
359 360 3758.6926
360 81 3746.1206
360 113 2003.9962
360 230 2661.4468
360 302 2662.5198
360 310 3783.1306
360 341 2660.5813
360 354 3787.381
360 359 3758.6926
361 138 4415.847
361 256 2993.6125
361 258 2986.4373
361 362 2439.8506
361 745 5253.1646
361 750 2726.8726
362 138 2912.3218
362 256 2987.8408
362 268 2115.7769
362 294 3837.4326
362 326 3249.009
362 361 2439.8506
363 22 2726.7334
363 116 2781.4695
363 256 3807.0493
363 268 2195.8696
363 294 3438.1296
363 324 3769.2188
363 325 2654.9136
364 95 4406.59
364 125 3405.2534
364 227 1990.9542
364 250 1372.2141
364 269 1460.3218
364 759 3026.748
365 3 2362.672
365 95 2726.0312
365 125 4319.83
365 203 4829.741
365 342 1663.0017
366 11 4531.951
366 91 4358.1973
366 158 5548.627
366 367 2402.8994
366 579 2840.4407
367 11 3955.7349
367 91 5626.338
367 329 5155.2104
367 366 2402.8994
367 373 4302.8286
368 255 3405.873
368 263 3694.5127
368 315 3556.1057
369 110 3548.5115
369 273 4813.068
369 281 1327.6675
369 318 3567.912
369 332 4513.0483
369 381 3320.628
369 382 5063.4854
370 71 3607.621
370 320 1554.4412
370 321 1332.5436
370 349 2393.5527
370 385 1984.5028
370 547 2965.475
370 548 2666.062
371 22 3559.0703
371 109 3664.7422
371 115 2099.9639
371 137 5040.3486
371 324 2947.4172
371 424 2757.3557
371 623 3885.964
372 177 1967.5718
372 178 1902.5802
372 179 2295.377
372 286 2104.7188
372 297 1436.5244
372 322 2674.0005
372 323 1976.5548
373 11 6106.9395
373 192 4027.5532
373 329 4212.3623
373 367 4302.8286
374 2 2993.1277
374 154 990.21265
374 222 4297.2485
375 295 2589.5066
375 345 2695.28
377 313 5662.7974
377 314 6650.443
377 378 3798.883
377 379 4026.5874
377 641 5455.8564
377 661 6620.8193
377 662 5440.5894
378 313 3559.9348
378 333 5075.8506
378 377 3798.883
378 379 5214.651
379 313 4028.9802
379 314 5297.901
379 377 4026.5874
379 378 5214.651
379 629 3209.6377
379 662 5880.109
380 133 2894.6013
380 151 2017.7859
380 415 2183.9167
380 450 3683.726
380 451 1985.0898
380 452 3346.412
381 292 4046.1064
381 318 1328.7778
381 369 3320.628
381 382 2395.4456
382 292 3758.5752
382 316 5330.096
382 332 4211.493
382 348 2957.3396
382 369 5063.4854
382 381 2395.4456
383 275 2967.6694
383 276 2653.5393
383 277 2966.0447
383 296 1324.0687
383 384 1323.9886
383 788 2970.7292
383 789 2735.893
384 274 2965.3687
384 275 2656.6306
384 276 2966.0044
384 344 1323.6693
384 383 1323.9886
384 788 2657.1042
384 789 3314.4377
385 320 2531.4622
385 321 2377.4216
385 349 1329.3915
385 370 1984.5028
386 320 2015.5879
386 389 1315.321
387 72 1356.3439
387 75 3005.6067
387 134 3315.2612
387 549 2364.0771
389 386 1315.321
389 454 1883.3016
390 134 3180.1992
390 284 3378.0767
390 285 3965.3372
390 421 2817.717
390 453 2001.3323
391 395 5107.6616
391 441 5487.2524
391 443 4321.432
391 444 4423.4604
391 456 3732.0605
391 457 2673.4182
392 161 1403.9674
392 162 2398.8958
392 218 1101.3179
392 353 1339.6854
392 413 2542.2686
393 164 1691.7927
393 217 1999.0841
393 446 1660.4216
393 448 1993.3145
395 80 4960.367
395 136 5656.7295
395 391 5107.6616
